>> mittelwert_stand('auf1b13.lvm',2)

mittel =

    -1.205800000000000e-04


sigma =

     1.612119649990745e-06


fehler =

     9.307577138880421e-08


minimum =

    -1.280000000000000e-04


maximum =

    -1.150000000000000e-04

>> mittelwert_stand('auf1b14.lvm',2)

mittel =

  -0.001326910000000


sigma =

     7.561088050562645e-05


fehler =

     4.365396221358805e-06


minimum =

  -0.001404000000000


maximum =

    -1.850000000000000e-04

>> mittelwert_stand('auf1b15.lvm',2)

mittel =

  -0.007228985336667


sigma =

   0.011961495895749


fehler =

     6.905972875321182e-04


minimum =

  -0.027426000000000


maximum =

   0.014268000000000

>> mittelwert_stand('auf1b16.lvm',2)

mittel =

  -0.013617053333333


sigma =

   0.012538989757190


fehler =

     7.239389111679821e-04


minimum =

  -0.036758000000000


maximum =

   0.009862000000000

>> mittelwert_stand('auf1b17.lvm',2)

mittel =

  -0.017347804271100


sigma =

   0.012955625955849


fehler =

     7.479934133129791e-04


minimum =

  -0.041245000000000


maximum =

   0.006758000000000

>> mittelwert_stand('auf1b18.lvm',2)

mittel =

  -0.016173373974533


sigma =

   0.012837624964948


fehler =

     7.411806229268297e-04


minimum =

  -0.040475000000000


maximum =

   0.008057000000000

>> mittelwert_stand('auf1b19.lvm',2)

mittel =

    -9.605146482333332e-04


sigma =

   0.002075512735832


fehler =

     1.198297836739027e-04


minimum =

  -0.004252000000000


maximum =

   0.002389000000000


